.Random.seed <-
c(403L, 27L, 1506679637L, -1257083665L, -1282563338L, -54702560L, 
2139034595L, -1810065279L, -1259403536L, 737453454L, 1912081145L, 
14207115L, -980971334L, 222348220L, 1426282751L, 1249094741L, 
171120492L, 648988610L, 1779150877L, 29102231L, -43471362L, 2086100408L, 
-1668435557L, -164907015L, -1982030008L, 1336076918L, -2066668623L, 
495959523L, 1871340210L, -213000444L, -735525817L, -1654123747L, 
-1029461612L, -1706422982L, 1486877061L, -1409695137L, -1661722L, 
-1705068688L, 1160771731L, 1501967665L, -637836320L, 837005438L, 
-904533239L, -869388997L, 1990197514L, 1732006124L, 2069339503L, 
-955686235L, -1191306148L, 452279346L, -1228006611L, 1230250471L, 
-63365874L, -1424362776L, 113556715L, 304510345L, 1335051544L, 
-1198495674L, 1410568353L, -789604557L, -2030500190L, -467274348L, 
478682135L, -376337395L, -1503426268L, -308108022L, -1036106635L, 
343732175L, -1527074602L, -1520529280L, -669102397L, 1456085089L, 
-1444943664L, 1090429486L, 415392729L, 1839361003L, 1431685722L, 
-792232932L, 1562102047L, 1267882357L, 1927960588L, -1185250846L, 
-1665852739L, -967576265L, 1553070558L, -278618344L, 906131067L, 
1195176985L, -501947224L, 1473912406L, 1315830481L, -931382653L, 
-96530158L, 1266521252L, 1440859239L, -758723139L, -1149792460L, 
677670042L, -2069261595L, -87675777L, 35251718L, -1800670832L, 
1510960179L, -127786031L, 1891756416L, 471172190L, -1657580631L, 
804948571L, 1093742186L, -1056025844L, 2118186319L, -1160532475L, 
824644796L, 1598195090L, -537436531L, 1419637959L, -1363095122L, 
-2098250744L, 1970008075L, 1413121257L, -92380232L, -1119572890L, 
-416625407L, -223753325L, -1961046974L, -1459276812L, 317980151L, 
-1773248019L, 55235204L, -1870003030L, -1844956651L, -701837649L, 
-768349002L, -528704800L, 1805993507L, 15944001L, -146435024L, 
1182748238L, -233170247L, 407944907L, 368813946L, 315494012L, 
-750482753L, 196488085L, -111752276L, -303701630L, -369023139L, 
1278904919L, -326172354L, -2127953544L, -1177306533L, 1229131193L, 
-701583352L, -1574759754L, 1220995569L, 206168099L, -99016590L, 
806994628L, 1568109703L, -147175331L, -1068233132L, -929829766L, 
1670117317L, -1183336161L, 273594534L, 1043847728L, 2092425427L, 
313028337L, 1259687456L, 134166718L, -315908919L, -1156852101L, 
1830802506L, -1523565396L, -738006097L, 1081937765L, -1373903588L, 
-1886048910L, -1499552275L, 44018215L, -1920267698L, -47919448L, 
364872875L, 1781966281L, 1703635416L, 509689990L, 1961774433L, 
-467451661L, 2075389794L, 981600724L, -1162593065L, -1035338035L, 
-319834524L, 1629467722L, 1428193717L, 603393295L, 1580624406L, 
1504781504L, 708846211L, 238464673L, -1640161136L, 483789678L, 
1111807257L, 717497771L, 1150673818L, 922205020L, 1250155103L, 
-2101378507L, -411350580L, 56836386L, -1069743235L, -1689902985L, 
-1208048226L, -646439848L, 248236475L, 346853209L, 2055826664L, 
615822614L, -37558639L, 536193859L, 860124754L, -1793599260L, 
-1076786393L, -1808236675L, -1408871820L, -1461367718L, 2012173477L, 
-1522766145L, 764843334L, -1838260396L, -1886679486L, 1257201568L, 
-1809523524L, -2071989808L, -1412402846L, 1161652200L, 240925644L, 
-22892804L, 1601995762L, 626111616L, 888316148L, -366493560L, 
1919299898L, -863562928L, 1384194156L, -1815257964L, 1576715602L, 
926495456L, 164547788L, 1280662688L, -122684030L, 1927728360L, 
342871276L, 151922748L, 2098793586L, -943498128L, -1600253404L, 
1644533304L, -854511078L, 588829904L, -1925052868L, -1533976428L, 
-1130967934L, 1348668352L, -473599684L, -851644784L, 419193890L, 
1993355272L, 563999884L, 1888625692L, -1893781358L, -975707008L, 
1939766292L, -1925073112L, -453154758L, 1482897616L, 1398192236L, 
633433780L, 2077240338L, 1398289376L, -1496038452L, -1357536800L, 
199100450L, -1097685720L, -1592717044L, -1271152068L, -570779406L, 
1150999792L, -1210124476L, -2072675240L, -1267837382L, 558280944L, 
-1361742148L, 727462420L, 1814805698L, 499133024L, -605929092L, 
1691290832L, 1164068898L, 1791620264L, 620945804L, -2510404L, 
2045144114L, -85706944L, -639847756L, -948404920L, 2078561978L, 
-154811632L, -134154004L, 1662717012L, -1773556974L, -1617752672L, 
-1959643188L, -943639712L, 1001372866L, 2120426024L, 28196268L, 
-743716036L, -547111054L, 13360944L, 702514212L, -1946893768L, 
-1185487142L, 41075600L, 1977915644L, 1018413460L, -275217598L, 
-1042007552L, -314358724L, -449254832L, -1254046558L, -1678870712L, 
1222319628L, 94527196L, 2073264210L, -275652480L, -544924844L, 
-138075160L, -281804038L, -1822236848L, 952254508L, 1998131572L, 
612905618L, 1428111968L, -1261484916L, -1698663072L, 1411000546L, 
226984104L, -1860859188L, 2092885500L, -1846812750L, 2030352368L, 
-885930556L, -1058875048L, -768051846L, -1133296208L, -1396348484L, 
171637332L, -1162089022L, 2034875168L, -1015551044L, -454392752L, 
709189602L, 668222312L, 668862284L, 1288452860L, 1400675058L, 
-1734610688L, 1083348084L, 139328008L, 2032323002L, 1387985360L, 
-1280865300L, 1980581780L, 1605946578L, 1995147360L, -1220730548L, 
2105567008L, 489663106L, 161278440L, -387476500L, -896958916L, 
272718450L, 2111168368L, 453407012L, -1675973064L, -288891494L, 
1596962256L, -2053320260L, -2086747500L, -1198713214L, -922709568L, 
1445388092L, -766380400L, 1569043234L, -1949522424L, 551515916L, 
2092890012L, -49119214L, -167648384L, -1295253740L, 206457128L, 
1253351482L, 668669904L, -1839314324L, 1755974708L, 1140094098L, 
686177632L, -1342025396L, -783832608L, 628465570L, -507777112L, 
1763406988L, -127085636L, -1780729742L, -645377040L, 1900822596L, 
1421980760L, -2126819270L, 826843248L, 1945358908L, -2100282604L, 
2085641922L, -1422762272L, 894719100L, -1200078640L, 224433058L, 
1293849128L, 153199884L, -2099250244L, 846759218L, -565179200L, 
774078004L, -1503971640L, -1972529478L, 1906786448L, 1998912236L, 
620587604L, -577196398L, 1923685152L, -1019024436L, -1600275232L, 
2027743938L, -750460888L, 715819948L, 854325948L, 1145562610L, 
-533346768L, -574918748L, 1208337848L, -1441194150L, 667687056L, 
-805852292L, -907943148L, -1331732158L, -1610710272L, -1726289096L, 
1485490401L, 2132044691L, 1026428852L, -1330867006L, 1554192599L, 
1503618337L, -33692442L, -1963904540L, -2091471595L, 430679359L, 
-182454056L, -1346066186L, -2138467581L, -1168030651L, -193110942L, 
-510821424L, -497839879L, 989403691L, -1115978340L, 201981386L, 
2121199295L, 1733029897L, -371896034L, 354997452L, -418316131L, 
-359205593L, 689940304L, 447425006L, 396033691L, 1524707581L, 
362133482L, -1220824952L, 1508404785L, 730581155L, 1954462884L, 
-312238766L, -119121753L, 126176497L, -313263050L, 1333163220L, 
77682789L, -665173393L, -398386008L, -2121541114L, 1327962931L, 
854331285L, -1684222990L, 1172521024L, -999464535L, 1772531739L, 
295869932L, -1158349318L, -2115458513L, -588323271L, 1474506830L, 
-1030563684L, 848714253L, 1589728887L, 621514368L, -929133346L, 
1774882731L, 166813869L, 1996379418L, 540013016L, -1521341887L, 
304791795L, 1433452308L, 1871238818L, -713470025L, 1454046081L, 
-833918586L, -114594876L, -1595418891L, -63118497L, 1381133752L, 
-1638878058L, -1557460317L, -1239356315L, 728545666L, 131465968L, 
1070995097L, -26969461L, 1767381884L, -1416012374L, -845285921L, 
1959281513L, -121068674L, -1389044884L, 267333565L, 884268167L, 
-263557008L, -184370418L, 1222809659L, 26875677L, -467241526L, 
1376276200L, 929497553L, -1825991741L, 1582902468L, -620727438L, 
1618161223L, -1296511471L, -353935466L, 256467700L, -837942139L, 
-1799980593L, 2084596936L, -1494262426L, 1346256787L, -845750027L, 
-776099630L, 1077270304L, -2034133239L, 1130905659L, 1728148876L, 
-307385318L, -1653686129L, 289478617L, 1882470510L, 751451132L, 
1916316013L, 1745396503L, 1251607264L, -1088913218L, 1086353035L, 
-806636275L, 866302266L, 626313592L, 616000289L, 840219603L, 
151405300L, -214488190L, -49767913L, 1315453153L, -2023008730L, 
267734820L, -6062123L, -94500993L, -988548584L, 2025222454L, 
